Categorie: Alle categorieën

Dag,Jason Bourne: (Verenigde Staten)
2016-07-22,13
2016-07-23,18
2016-07-24,26
2016-07-25,19
2016-07-26,22
2016-07-27,24
2016-07-28,34
2016-07-29,72
2016-07-30,100
2016-07-31,93
2016-08-01,48
2016-08-02,31
2016-08-03,29
2016-08-04,23
2016-08-05,28
2016-08-06,35
2016-08-07,33
2016-08-08,19
2016-08-09,15
2016-08-10,15
2016-08-11,16
2016-08-12,25
2016-08-13,39
2016-08-14,37
2016-08-15,19
2016-08-16,16
2016-08-17,14
2016-08-18,13
2016-08-19,18
2016-08-20,30
2016-08-21,25
2016-08-22,11
2016-08-23,10
2016-08-24,9
2016-08-25,8
2016-08-26,14
